ev_id	ev_id_old	n_trials	start_TR	end_TR	duration_TR	cut_start	cut_end
1	3	15	35	55	20	36	55
2	5	14	87	109	22	88	107
3	14	15	314	361	47	315	334
4	15	14	363	399	36	364	383
5	16	16	399	503	104	400	419
6	19	16	535	615	80	536	555
7	22	16	642	679	37	643	662
8	24	15	699	747	48	700	719
9	30	15	70	129	59	1016	1035
10	34	15	275	325	50	1221	1240
11	35	15	343	412	69	1289	1308
12	36	16	413	489	76	1359	1378
13	37	16	490	523	33	1436	1455
14	38	16	524	635	111	1470	1489
15	39	15	635	671	36	1581	1600
16	44	15	790	813	23	1736	1755
17	45	16	814	859	45	1760	1779
18	48	14	913	960	47	1859	1878
